   5.0000000745058060E-002           3
  0.15000000223517418               43
  0.25000000372529030               64
  0.35000000521540642              127
  0.45000000670552254              170
  0.55000000819563866              214
  0.65000000968575478              241
  0.75000001117587090              245
  0.85000001266598701              267
  0.95000001415610313              274
   1.0500000156462193              261
   1.1500000171363354              264
   1.2500000186264515              231
   1.3500000201165676              264
   1.4500000216066837              229
   1.5500000230967999              219
   1.6500000245869160              199
   1.7500000260770321              192
   1.8500000275671482              168
   1.9500000290572643              154
   2.0500000305473804              148
   2.1500000320374966              121
   2.2500000335276127              120
   2.3500000350177288               97
   2.4500000365078449              100
   2.5500000379979610               78
   2.6500000394880772               63
   2.7500000409781933               43
   2.8500000424683094               53
   2.9500000439584255               48
   3.0500000454485416               46
   3.1500000469386578               34
   3.2500000484287739               35
   3.3500000499188900               31
   3.4500000514090061               22
   3.5500000528991222               19
   3.6500000543892384               17
   3.7500000558793545               12
   3.8500000573694706               13
   3.9500000588595867                9
   4.0500000603497028                5
   4.1500000618398190                9
   4.2500000633299351                4
   4.3500000648200512               10
   4.4500000663101673                4
   4.5500000678002834                5
   4.6500000692903996                2
   4.7500000707805157                5
   4.8500000722706318                3
   4.9500000737607479                1
   5.0500000752508640                2
   5.1500000767409801                1
   5.2500000782310963                1
   5.3500000797212124                0
   5.4500000812113285                1
   5.5500000827014446                1
   5.6500000841915607                1
   5.7500000856816769                1
   5.8500000871717930                1
   5.9500000886619091                1
   6.0500000901520252                0
   6.1500000916421413                1
   6.2500000931322575                1
   6.3500000946223736                0
   6.4500000961124897                1
   6.5500000976026058                0
   6.6500000990927219                0
   6.7500001005828381                0
   6.8500001020729542                0
   6.9500001035630703                0
   7.0500001050531864                0
   7.1500001065433025                0
   7.2500001080334187                0
   7.3500001095235348                1
